T1=[2 6 4];
T2=[0 -1];
T3=[9 -1 0];
T4=[7 7];
TFC=[T1 T2 T3 T4]';

Rev=[10:2:10000,700:-7:7];